23.32417	119.94533	22.319355	141.6138
23.32417	119.94533	22.319355	141.6138
23.32417	119.94533	22.319355	141.6138
35.589153	125.38284	10.5856285	126.7909
35.589153	125.38284	10.7475815	129.4745
19.021572	106.1388	10.7475815	129.4745
32.516872	116.93408	24.199093	122.56929
32.516872	116.93408	16.758228	124.6955
6.307251	88.457985	-1.2949524	114.49236
6.307251	88.457985	-1.2949524	114.49236
8.246357	354.60205	20.045933	318.8651
8.246357	354.60205	20.045933	318.8651
2.4533043	398.9945	-5.8461494	300.82837
2.4533043	398.9945	-5.8461494	300.82837
2.0024834	406.76923	27.563267	342.0837
2.0024834	406.76923	27.563267	342.0837
1.9463005	409.01663	9.356709	389.72842
1.9463005	409.01663	9.356709	389.72842
1.9463005	409.01663	9.356709	389.72842
2.077259	391.4342	-6.1500015	336.37
2.5470924	400.17572	-6.1500015	336.37
2.5470924	400.17572	-6.1500015	336.37
2.5470924	400.17572	-6.1500015	336.37
2.5470924	400.17572	-6.004574	320.90167
29.479504	398.1338	21.219715	310.12943
29.479504	398.1338	21.219715	310.12943
29.479504	398.1338	21.219715	310.12943
29.479504	398.1338	21.219715	310.12943
29.479504	398.1338	21.219715	310.12943
29.479504	398.1338	21.219715	310.12943
29.479504	398.1338	21.219715	310.12943
23.350933	419.80362	15.465656	361.0163
23.350933	419.80362	15.465656	361.0163
23.350933	419.80362	15.485447	350.80853
23.350933	419.80362	15.485447	350.80853
23.350933	419.80362	15.485447	350.80853
23.350933	419.80362	15.485447	350.80853
23.350933	419.80362	15.506138	358.09552
23.350933	419.80362	15.506138	358.09552
4.4928246	411.8545	16.301884	377.00543
4.4928246	411.8545	16.301884	377.00543
4.4928246	411.8545	16.266865	366.50583
5.002655	409.4927	16.266865	366.50583
5.002655	409.4927	16.266865	366.50583
19.53844	445.49246	17.5508	374.60355
19.53844	445.49246	17.5508	374.60355
16.804672	376.11835	17.5508	374.60355
19.82948	421.2218	11.648426	308.12134
19.82948	421.2218	11.701832	304.0834
19.82948	421.2218	11.701832	304.0834
19.82948	421.2218	11.701832	304.0834
19.82948	421.2218	-0.2571907	289.87347
19.82948	421.2218	-0.2571907	289.87347
19.82948	421.2218	-0.2571907	289.87347
28.097317	492.00107	1.4607811	410.5296
28.602245	493.73035	1.4607811	410.5296
28.602245	493.73035	1.5073624	410.74857
28.602245	493.73035	1.5073624	410.74857
29.067135	466.36563	1.5073624	410.74857
27.880543	416.82397	20.473843	402.7176
27.880543	416.82397	20.033627	352.65332
29.605366	391.0926	20.033627	352.65332
29.605366	391.0926	20.033627	352.65332
29.605366	391.0926	20.033627	352.65332
29.605366	391.0926	20.033627	352.65332
29.452793	495.37006	21.617626	403.2604
29.452793	495.37006	21.119999	379.99713
28.724499	440.2281	21.119999	379.99713
28.724499	440.2281	21.119999	379.99713
28.724499	440.2281	21.119999	379.99713
28.724499	440.2281	21.119999	379.99713
28.724499	440.2281	21.119999	379.99713
28.724499	440.2281	21.119999	379.99713
30.751545	418.66113	22.984638	310.66837
30.751545	418.66113	22.984638	310.66837
31.269978	436.9339	23.18623	317.51694
31.269978	436.9339	23.18623	317.51694
31.269978	436.9339	23.32671	323.2926
31.269978	436.9339	23.32671	323.2926
31.269978	436.9339	23.32671	323.2926
31.269978	436.9339	23.32671	323.2926
31.269978	436.9339	23.32671	323.2926
31.269978	436.9339	23.135471	289.5249
31.269978	436.9339	23.135471	289.5249
31.269978	436.9339	23.135471	289.5249
31.269978	436.9339	23.135471	289.5249
31.269978	436.9339	23.222256	292.87314
31.269978	436.9339	23.222256	292.87314
31.269978	436.9339	23.222256	292.87314
31.269978	436.9339	23.222256	292.87314
31.269978	436.9339	23.222256	292.87314
31.269978	436.9339	23.091679	308.4858
30.778728	408.51675	23.091679	308.4858
28.838345	491.74078	8.531425	389.72247
29.23695	445.82373	8.531425	389.72247
29.776241	419.26862	8.531425	389.72247
29.776241	419.26862	8.531425	389.72247
16.58847	362.4212	8.531425	389.72247
16.58847	362.4212	8.531425	389.72247
16.58847	362.4212	8.531425	389.72247
16.257603	355.35947	8.531425	389.72247
24.3596	445.9291	18.429676	407.62106
24.3596	445.9291	18.429676	407.62106
24.3596	445.9291	18.388256	407.64578
24.3596	445.9291	18.388256	407.64578
24.3596	445.9291	18.388256	407.64578
24.979107	464.14066	18.19794	402.07043
24.91927	447.92322	18.19794	402.07043
24.91927	447.92322	18.147526	400.7947
24.91927	447.92322	18.168896	400.3895
25.004871	459.36087	18.168896	400.3895
25.004871	459.36087	18.168896	400.3895
25.034985	453.73914	18.168896	400.3895
25.034985	453.73914	18.168896	400.3895
25.52898	471.91434	5.778984	405.92245
25.52898	471.91434	5.778984	405.92245
25.52898	471.91434	5.778984	405.92245
25.52898	471.91434	5.778984	405.92245
25.52898	471.91434	5.778984	405.92245
25.52898	471.91434	5.778984	405.92245
25.52898	471.91434	5.778984	405.92245
26.520878	474.13986	18.423344	334.82748
26.03928	462.66656	17.988522	335.37396
26.03928	462.66656	17.988522	335.37396
26.03928	462.66656	17.988522	335.37396
23.114521	391.48843	15.331257	383.1636
23.114521	391.48843	15.331257	383.1636
23.16048	404.75974	15.331257	383.1636
23.16048	404.75974	15.331257	383.1636
23.16048	404.75974	15.331257	383.1636
4.155834	427.83817	15.331257	383.1636
4.155834	427.83817	15.331257	383.1636
4.155834	427.83817	15.331257	383.1636
4.155834	427.83817	15.331257	383.1636
19.86559	440.18042	15.451748	361.95218
19.86559	440.18042	15.223125	363.16168
9.117832	435.9284	15.223125	363.16168
9.117832	435.9284	15.223125	363.16168
11.692692	436.45987	15.7464485	364.89764
12.310825	412.5215	15.7464485	364.89764
12.310825	412.5215	15.7464485	364.89764
12.310825	412.5215	15.7464485	364.89764
14.4963875	417.34253	5.9575386	318.55164
14.4963875	417.34253	5.9575386	318.55164
14.4963875	417.34253	5.9575386	318.55164
14.4963875	417.34253	5.9575386	318.55164
14.323357	416.0438	17.858631	390.7328
14.323357	416.0438	17.858631	390.7328
14.323357	416.0438	17.858631	390.7328
14.305046	433.2161	17.858631	390.7328
14.162003	420.10437	10.259384	352.6117
26.503094	422.60324	10.259384	352.6117
26.338512	424.9558	10.259384	352.6117
14.144779	420.19247	20.322735	350.39078
14.204838	412.3457	20.322735	350.39078
14.204838	412.3457	19.541546	379.20792
14.239426	421.99738	19.541546	379.20792
14.306252	431.92026	19.381687	401.0402
14.306252	431.92026	19.381687	401.0402
14.306252	431.92026	19.381687	401.0402
14.306252	431.92026	5.961502	316.81018
14.306252	431.92026	5.961502	316.81018
14.306252	431.92026	5.961502	316.81018
14.306252	431.92026	17.32713	402.11148
14.306252	431.92026	17.32713	402.11148
14.306252	431.92026	17.32713	402.11148
14.306252	431.92026	17.32713	402.11148
14.306252	431.92026	17.32713	402.11148
14.306252	431.92026	17.32713	402.11148
13.431385	429.59775	17.753506	400.0113
13.431385	429.59775	8.692158	402.9583
13.891396	424.3779	8.692158	402.9583
13.891396	424.3779	8.692158	402.9583
13.891396	424.3779	9.6709175	314.05832
13.891396	424.3779	9.6709175	314.05832
13.891396	424.3779	9.6709175	314.05832
13.891396	424.3779	9.6709175	314.05832
13.891396	424.3779	9.6709175	314.05832
25.092648	408.5752	17.139881	400.47116
25.092648	408.5752	17.139881	400.47116
25.034084	414.40692	17.139881	400.47116
25.034084	414.40692	17.139881	400.47116
5.944729	411.50656	17.139881	400.47116
24.789623	388.9975	16.761036	395.44006
24.789623	388.9975	16.761036	395.44006
24.789623	388.9975	16.761036	395.44006
24.789623	388.9975	16.696262	397.64273
24.789623	388.9975	16.696262	397.64273
5.764618	404.42438	16.696262	397.64273
5.764618	404.42438	16.696262	397.64273
24.905025	400.1686	16.696262	397.64273
24.905025	400.1686	17.173298	395.6898
25.412228	387.12323	17.173298	395.6898
26.281597	357.97665	18.429928	352.1776
26.281597	357.97665	18.429928	352.1776
26.281597	357.97665	18.429928	352.1776
10.7375145	436.96762	18.429928	352.1776
10.7375145	436.96762	2.588066	366.9647
10.994053	425.06705	3.0514107	375.389
10.994053	425.06705	3.0514107	375.389
10.994053	425.06705	3.0514107	375.389
10.994053	425.06705	3.0514107	375.389
10.994053	425.06705	3.0514107	375.389
22.981098	462.20572	17.635563	399.54486
22.981098	462.20572	17.935902	400.0416
24.091473	469.2495	17.935902	400.0416
24.091473	469.2495	17.935902	400.0416
14.114586	420.85797	17.855122	404.10587
14.114586	420.85797	17.659184	394.74677
14.114586	420.85797	17.659184	394.74677
9.475319	392.55804	17.659184	394.74677
9.475319	392.55804	17.825077	399.52264
9.475319	392.55804	17.875355	371.80875
9.475319	392.55804	17.875355	371.80875
9.475319	392.55804	17.875355	371.80875
9.475319	392.55804	17.875355	371.80875
30.821484	359.27094	17.875355	371.80875
30.821484	359.27094	17.875355	371.80875
30.821484	359.27094	17.875355	371.80875
27.896366	426.66736	20.191578	409.37347
27.896366	426.66736	20.191578	409.37347
27.896366	426.66736	20.191578	409.37347
24.965717	438.49982	17.77296	403.22693
25.924091	423.59113	17.77296	403.22693
25.924091	423.59113	17.77296	403.22693
12.819511	397.30396	4.7467155	369.46918
12.819511	397.30396	4.7467155	369.46918
12.819511	397.30396	4.7467155	369.46918
12.819511	397.30396	4.7467155	369.46918
9.446621	445.1545	1.7245369	352.77728
9.446621	445.1545	1.7245369	352.77728
9.446621	445.1545	1.7245369	352.77728
9.446621	445.1545	1.9014626	388.9771
9.446621	445.1545	1.9172745	381.36154
13.890511	447.14575	1.9172745	381.36154
13.890511	447.14575	5.8956184	345.90393
13.890511	447.14575	5.8956184	345.90393
13.890511	447.14575	5.8956184	345.90393
13.890511	447.14575	5.850128	324.46286
13.890511	447.14575	5.850128	324.46286
21.1675	416.58902	12.322269	373.37186
21.1675	416.58902	12.256359	371.10724
21.1675	416.58902	12.256359	371.10724
21.1675	416.58902	12.256359	371.10724
21.1675	416.58902	11.11594	331.04758
10.298244	296.06482	12.822552	402.4324
10.298244	296.06482	12.822552	402.4324
10.298244	296.06482	12.822552	402.4324
10.298244	296.06482	13.329807	401.44208
10.298244	296.06482	13.903553	398.90332
10.298244	296.06482	2.5921516	400.5291
10.370773	269.02713	20.843388	409.50186
9.908794	270.53845	20.843388	409.50186
10.376011	270.72803	20.843388	409.50186
10.376011	270.72803	20.843388	409.50186
10.376011	270.72803	20.843388	409.50186
9.71957	255.9966	14.420124	402.14807
9.71957	255.9966	14.420124	402.14807
9.71957	255.9966	14.420124	402.14807
21.92944	270.72006	19.441586	405.0027
22.528736	272.78	19.441586	405.0027
22.139217	269.51056	19.441586	405.0027
22.139217	269.51056	19.441586	405.0027
22.139217	269.51056	19.441586	405.0027
9.62656	270.8328	9.860504	342.30704
10.12925	274.69998	1.6980705	340.38037
9.686684	271.67856	1.6980705	340.38037
10.226616	271.44363	2.9408226	330.1728
10.226616	271.44363	2.9408226	330.1728
10.226616	271.44363	2.9408226	330.1728
10.226616	271.44363	2.9408226	330.1728
10.226616	271.44363	2.9408226	330.1728
10.226616	271.44363	16.399982	393.72174
10.226616	271.44363	16.399982	393.72174
10.089283	248.99396	18.728168	407.83224
10.089283	248.99396	18.728168	407.83224
10.089283	248.99396	18.728168	407.83224
10.089283	248.99396	8.747978	335.55493
10.089283	248.99396	8.747978	335.55493
10.089283	248.99396	8.747978	335.55493
11.051918	276.1249	17.144192	399.97858
11.051918	276.1249	17.575611	400.42877
11.051918	276.1249	17.575611	400.42877
6.881626	264.50204	17.575611	400.42877
18.2458	267.19742	17.575611	400.42877
18.2458	267.19742	17.575611	400.42877
18.2458	267.19742	18.06876	404.71188
6.558613	272.59537	18.06876	404.71188
6.558613	272.59537	18.06876	404.71188
4.287876	271.08228	18.06876	404.71188
4.287876	271.08228	18.06876	404.71188
4.287876	271.08228	18.06876	404.71188
4.287876	271.08228	18.06876	404.71188
30.169537	251.385	14.698612	372.30313
30.169537	251.385	14.698612	372.30313
30.169537	251.385	14.698612	372.30313
30.169537	251.385	14.698612	372.30313
30.169537	251.385	14.698612	372.30313
30.169537	251.385	14.698612	372.30313
30.169537	251.385	14.698612	372.30313
7.492832	300.43875	-0.7914696	385.4535
8.544731	289.60516	-0.7914696	385.4535
8.544731	289.60516	-0.7914696	385.4535
8.544731	289.60516	-0.7914696	385.4535
8.544731	289.60516	0.7075348	297.53256
8.369297	279.51816	0.7075348	297.53256
8.775188	271.47424	0.34012222	340.31308
8.775188	271.47424	0.34012222	340.31308
8.775188	271.47424	0.34012222	340.31308
8.775188	271.47424	0.34012222	340.31308
8.775188	271.47424	0.34012222	340.31308
8.775188	271.47424	0.34012222	340.31308
11.466042	282.35782	0.34012222	340.31308
11.466042	282.35782	2.5039368	381.6256
8.77486	277.10977	2.5039368	381.6256
8.77486	277.10977	2.5039368	381.6256
8.77486	277.10977	2.5039368	381.6256
8.77486	277.10977	2.5039368	381.6256
8.77486	277.10977	2.5039368	381.6256
8.77486	277.10977	2.5039368	381.6256
8.77486	277.10977	2.5039368	381.6256
8.77486	277.10977	2.5039368	381.6256
8.77486	277.10977	2.5039368	381.6256
8.77486	277.10977	2.5039368	381.6256
8.77486	277.10977	2.5039368	381.6256
8.77486	277.10977	2.5039368	381.6256
8.77486	277.10977	2.5039368	381.6256
8.77486	277.10977	2.5039368	381.6256
8.77486	277.10977	2.5039368	381.6256
8.77486	277.10977	2.5039368	381.6256
8.77486	277.10977	2.5039368	381.6256
8.77486	277.10977	2.5039368	381.6256
8.77486	277.10977	-1.450222	318.3297
8.77486	277.10977	-1.450222	318.3297
8.77486	277.10977	-1.450222	318.3297
8.77486	277.10977	-1.450222	318.3297
8.77486	277.10977	-1.450222	318.3297
8.77486	277.10977	-1.450222	318.3297
8.77486	277.10977	-1.450222	318.3297
8.77486	277.10977	-1.450222	318.3297
8.77486	277.10977	-1.450222	318.3297
8.77486	277.10977	-1.450222	318.3297
8.77486	277.10977	-1.450222	318.3297
8.77486	277.10977	-1.450222	318.3297
8.77486	277.10977	-1.450222	318.3297
8.77486	277.10977	-1.450222	318.3297
8.77486	277.10977	-1.450222	318.3297
8.77486	277.10977	-1.450222	318.3297
8.77486	277.10977	-1.450222	318.3297
16.047173	249.96902	-1.450222	318.3297
16.047173	249.96902	-1.450222	318.3297
16.047173	249.96902	-1.450222	318.3297
16.047173	249.96902	-1.450222	318.3297
16.047173	249.96902	-1.450222	318.3297
16.047173	249.96902	-1.450222	318.3297
16.047173	249.96902	-1.450222	318.3297
36.796818	273.47055	-1.450222	318.3297
36.796818	273.47055	-1.450222	318.3297
36.796818	273.47055	-1.450222	318.3297
36.796818	273.47055	-1.450222	318.3297
36.796818	273.47055	-1.450222	318.3297
36.796818	273.47055	-1.450222	318.3297
36.796818	273.47055	-1.450222	318.3297
21.432026	281.33844	-1.450222	318.3297
21.432026	281.33844	-1.450222	318.3297
21.432026	281.33844	-1.450222	318.3297
21.432026	281.33844	2.2855644	365.6874
21.432026	281.33844	2.2855644	365.6874
22.630154	287.48508	2.2855644	365.6874
22.116009	284.04578	2.2855644	365.6874
22.116009	284.04578	2.2855644	365.6874
22.116009	284.04578	2.2855644	365.6874
22.116009	284.04578	2.2855644	365.6874
22.116009	284.04578	2.2855644	365.6874
22.116009	284.04578	2.2122765	360.65833
22.116009	284.04578	2.2122765	360.65833
22.116009	284.04578	2.1500397	354.68744
22.116009	284.04578	2.1500397	354.68744
22.116009	284.04578	2.1500397	354.68744
22.116009	284.04578	2.1500397	354.68744
22.116009	284.04578	2.1500397	354.68744
22.116009	284.04578	3.5281906	361.1536
13.50634	246.43172	3.5281906	361.1536
13.50634	246.43172	3.5281906	361.1536
13.50634	246.43172	-7.210388	367.79532
13.50634	246.43172	6.2917213	365.03708
13.50634	246.43172	6.7747498	365.91553
13.50634	246.43172	6.7747498	365.91553
13.50634	246.43172	6.7747498	365.91553
13.50634	246.43172	10.863361	374.20392
13.50634	246.43172	11.99432	390.795
13.50634	246.43172	12.417828	391.2511
13.50634	246.43172	13.4146	396.47775
13.50634	246.43172	13.903355	394.01715
13.50634	246.43172	13.903355	394.01715
13.50634	246.43172	14.583179	391.10483
13.50634	246.43172	14.583179	391.10483
13.50634	246.43172	14.583179	391.10483
13.50634	246.43172	14.583179	391.10483
13.50634	246.43172	14.583179	391.10483
13.50634	246.43172	14.583179	391.10483
13.50634	246.43172	14.583179	391.10483
13.50634	246.43172	14.583179	391.10483
13.50634	246.43172	14.583179	391.10483
13.50634	246.43172	14.583179	391.10483
13.50634	246.43172	14.583179	391.10483
13.50634	246.43172	14.583179	391.10483
13.50634	246.43172	14.583179	391.10483
13.50634	246.43172	14.583179	391.10483
13.50634	246.43172	14.583179	391.10483
13.50634	246.43172	14.583179	391.10483
13.50634	246.43172	14.599087	388.09378
13.50634	246.43172	14.599087	388.09378
13.50634	246.43172	15.007534	391.7244
13.50634	246.43172	15.007534	391.7244
13.50634	246.43172	15.007534	391.7244
13.50634	246.43172	14.483662	388.8073
13.50634	246.43172	14.483662	388.8073
13.50634	246.43172	14.483662	388.8073
13.50634	246.43172	14.483662	388.8073
13.50634	246.43172	14.996708	381.2175
13.50634	246.43172	15.673336	375.9061
13.50634	246.43172	16.6404	374.6775
13.50634	246.43172	15.9447365	384.66956
13.50634	246.43172	15.9447365	384.66956
13.50634	246.43172	15.9447365	384.66956
13.50634	246.43172	18.494755	370.38257
13.50634	246.43172	18.494755	370.38257
13.50634	246.43172	18.494755	370.38257
13.50634	246.43172	17.909695	347.08478
13.50634	246.43172	17.909695	347.08478
13.50634	246.43172	17.909695	347.08478
13.50634	246.43172	17.909695	347.08478
13.50634	246.43172	17.909695	347.08478
13.50634	246.43172	17.909695	347.08478
13.50634	246.43172	17.909695	347.08478
13.50634	246.43172	17.909695	347.08478
13.50634	246.43172	17.909695	347.08478
13.50634	246.43172	17.909695	347.08478
32.66905	243.02774	17.909695	347.08478
32.66905	243.02774	17.909695	347.08478
32.66905	243.02774	17.909695	347.08478
32.66905	243.02774	17.909695	347.08478
32.66905	243.02774	17.909695	347.08478
32.66905	243.02774	17.909695	347.08478
32.66905	243.02774	17.909695	347.08478
32.66905	243.02774	17.909695	347.08478
32.66905	243.02774	17.909695	347.08478
32.66905	243.02774	15.937824	396.66125
32.66905	243.02774	16.4268	400.85785
32.66905	243.02774	16.92506	400.7197
32.66905	243.02774	16.92506	400.7197
32.66905	243.02774	16.92506	400.7197
32.66905	243.02774	16.92506	400.7197
48.023724	255.35162	16.92506	400.7197
48.023724	255.35162	16.92506	400.7197
48.408123	263.44882	16.92506	400.7197
48.408123	263.44882	16.92506	400.7197
48.408123	263.44882	16.92506	400.7197
48.408123	263.44882	16.92506	400.7197
5.6900635	249.93132	16.92506	400.7197
5.6900635	249.93132	16.92506	400.7197
5.6900635	249.93132	16.92506	400.7197
5.6900635	249.93132	16.92506	400.7197
5.6900635	249.93132	16.92506	400.7197
5.6900635	249.93132	16.92506	400.7197
5.6900635	249.93132	16.92506	400.7197
5.6900635	249.93132	16.453434	397.92084
5.6900635	249.93132	16.453434	397.92084
5.6900635	249.93132	16.453434	397.92084
5.6900635	249.93132	16.453434	397.92084
5.6900635	249.93132	16.453434	397.92084
5.6900635	249.93132	16.453434	397.92084
5.6900635	249.93132	16.453434	397.92084
5.6900635	249.93132	16.453434	397.92084
5.6900635	249.93132	16.453434	397.92084
5.6900635	249.93132	16.453434	397.92084
5.6900635	249.93132	16.453434	397.92084
5.6900635	249.93132	16.453434	397.92084
24.193783	237.9675	16.453434	397.92084
24.193783	237.9675	16.453434	397.92084
24.193783	237.9675	16.453434	397.92084
29.849438	263.87906	16.453434	397.92084
29.849438	263.87906	15.983402	397.85672
30.216526	266.1344	15.983402	397.85672
30.216526	266.1344	15.983402	397.85672
30.216526	266.1344	15.983402	397.85672
30.216526	266.1344	15.983402	397.85672
30.891651	245.06581	15.983402	397.85672
30.891651	245.06581	15.983402	397.85672
23.505222	252.60397	15.513348	395.75665
23.505222	252.60397	15.513348	395.75665
23.505222	252.60397	15.513348	395.75665
30.880253	276.11423	15.513348	395.75665
30.880253	276.11423	15.081936	394.48825
30.880253	276.11423	15.081936	394.48825
30.880253	276.11423	15.081936	394.48825
30.880253	276.11423	15.081936	394.48825
30.880253	276.11423	15.081936	394.48825
30.880253	276.11423	14.611462	396.9039
30.880253	276.11423	14.611462	396.9039
30.880253	276.11423	14.611462	396.9039
31.468937	283.857	13.119518	385.30615
30.828655	271.7833	13.119518	385.30615
30.828655	271.7833	13.119518	385.30615
30.254726	259.82913	13.119518	385.30615
30.254726	259.82913	13.119518	385.30615
28.665249	262.98438	14.290569	394.85315
28.665249	262.98438	14.290569	394.85315
28.177616	258.93097	14.290569	394.85315
28.177616	258.93097	13.803051	385.0828
28.177616	258.93097	13.803051	385.0828
28.638973	250.46468	13.803051	385.0828
20.611164	247.08292	1.938427	345.56964
20.611164	247.08292	1.938427	345.56964
20.611164	247.08292	2.677719	361.31598
20.611164	247.08292	2.677719	361.31598
47.924267	272.9436	3.0015526	362.74744
47.924267	272.9436	3.4877663	370.25266
49.240337	247.88382	17.02422	404.1148
49.240337	247.88382	17.02422	404.1148
49.240337	247.88382	17.02422	404.1148
26.86221	268.27078	18.850918	408.34717
26.86221	268.27078	18.850918	408.34717
26.86221	268.27078	18.850918	408.34717
26.86221	268.27078	18.850918	408.34717
26.86221	268.27078	18.850918	408.34717
12.464954	261.1059	4.4468765	359.0463
12.464954	261.1059	4.4468765	359.0463
12.464954	261.1059	4.4468765	359.0463
12.464954	261.1059	4.4468765	359.0463
12.464954	261.1059	4.4468765	359.0463
3.925087	263.7332	-0.48332214	347.18222
3.925087	263.7332	-0.48332214	347.18222
17.178825	283.44092	16.868923	357.40244
17.178825	283.44092	16.868923	357.40244
17.178825	283.44092	16.868923	357.40244
8.246029	260.14725	16.868923	357.40244
8.491608	260.71646	16.868923	357.40244
9.078819	267.49487	16.868923	357.40244
9.078819	267.49487	16.868923	357.40244
9.078819	267.49487	16.868923	357.40244
9.078819	267.49487	16.868923	357.40244
6.7271423	259.20905	1.4171257	358.6916
6.7271423	259.20905	1.4171257	358.6916
6.7271423	259.20905	1.4171257	358.6916
6.7271423	259.20905	1.4171257	358.6916
6.7271423	259.20905	1.4171257	358.6916
6.7271423	259.20905	1.4171257	358.6916
6.7271423	259.20905	22.021618	373.67007
6.7271423	259.20905	22.021618	373.67007
6.7271423	259.20905	22.021618	373.67007
5.5575485	257.91296	12.023411	336.85468
5.5575485	257.91296	12.023411	336.85468
5.5575485	257.91296	12.023411	336.85468
5.5575485	257.91296	12.023411	336.85468
5.5575485	257.91296	12.023411	336.85468
16.824623	227.78528	7.0143776	296.97736
16.824623	227.78528	19.23103	355.23047
16.824623	227.78528	18.93993	347.2393
16.824623	227.78528	18.93993	347.2393
16.824623	227.78528	18.93993	347.2393
16.824623	227.78528	18.93993	347.2393
16.824623	227.78528	18.93993	347.2393
16.824623	227.78528	18.93993	347.2393
16.824623	227.78528	18.93993	347.2393
6.6604996	241.1381	7.1739883	322.8445
6.6604996	241.1381	7.1739883	322.8445
6.6604996	241.1381	7.1739883	322.8445
23.96701	237.48338	7.1739883	322.8445
23.96701	237.48338	7.1739883	322.8445
23.96701	237.48338	7.1739883	322.8445
23.96701	237.48338	7.1739883	322.8445
2.9378777	265.1581	11.768421	387.2811
2.9378777	265.1581	11.768421	387.2811
2.9378777	265.1581	11.768421	387.2811
2.9378777	265.1581	11.768421	387.2811
2.9378777	265.1581	11.768421	387.2811
15.477997	256.564	10.547085	313.7049
15.477997	256.564	10.547085	313.7049
15.477997	256.564	10.547085	313.7049
15.477997	256.564	10.547085	313.7049
29.348396	247.77774	5.9983635	313.78098
29.348396	247.77774	5.9983635	313.78098
29.348396	247.77774	5.9983635	313.78098
22.229683	300.2393	20.178043	344.78638
22.229683	300.2393	20.178043	344.78638
22.515121	283.41748	20.178043	344.78638
21.058441	278.9762	14.946644	391.72253
21.058441	278.9762	14.946644	391.72253
21.058441	278.9762	14.946644	391.72253
21.058441	278.9762	14.946644	391.72253
6.245266	227.12361	0.79838943	326.30408
6.245266	227.12361	0.79838943	326.30408
6.245266	227.12361	0.79838943	326.30408
6.245266	227.12361	0.79838943	326.30408
6.245266	227.12361	0.79838943	326.30408
6.245266	227.12361	25.833286	285.54297
8.74453	263.1135	2.7807732	342.47006
9.012466	262.58157	2.7807732	342.47006
20.751686	289.71008	2.948864	383.57718
20.751686	289.71008	2.948864	383.57718
20.751686	289.71008	2.948864	383.57718
-3.0049362	261.00482	19.402767	407.4034
-3.0049362	261.00482	19.402767	407.4034
-2.9189453	262.58432	19.402767	407.4034
-2.9189453	262.58432	19.402767	407.4034
23.075142	245.27975	17.958698	366.63138
23.17923	248.7107	17.958698	366.63138
23.17923	248.7107	17.958698	366.63138
23.17923	248.7107	17.958698	366.63138
23.17923	248.7107	17.958698	366.63138
23.17923	248.7107	17.958698	366.63138
23.17923	248.7107	17.958698	366.63138
22.98983	235.05412	17.958698	366.63138
22.98983	235.05412	17.958698	366.63138
22.98983	235.05412	17.958698	366.63138
22.98983	235.05412	17.958698	366.63138
22.98983	235.05412	17.958698	366.63138
22.98983	235.05412	17.958698	366.63138
22.98983	235.05412	17.958698	366.63138
22.98983	235.05412	17.958698	366.63138
22.98983	235.05412	17.958698	366.63138
22.98983	235.05412	17.958698	366.63138
22.98983	235.05412	17.958698	366.63138
22.98983	235.05412	17.958698	366.63138
22.98983	235.05412	17.958698	366.63138
4.262825	230.38263	24.877476	307.4605
4.262825	230.38263	24.877476	307.4605
7.5521355	231.84724	24.877476	307.4605
7.5521355	231.84724	24.877476	307.4605
7.5521355	231.84724	24.877476	307.4605
7.5521355	231.84724	24.877476	307.4605
7.5521355	231.84724	24.877476	307.4605
7.5521355	231.84724	0.8435478	340.90198
7.5521355	231.84724	9.057766	312.52118
7.5521355	231.84724	9.057766	312.52118
7.5521355	231.84724	9.057766	312.52118
7.5521355	231.84724	9.057766	312.52118
7.5521355	231.84724	9.057766	312.52118
11.228771	226.17517	9.057766	312.52118
11.228771	226.17517	9.057766	312.52118
11.228771	226.17517	9.057766	312.52118
11.228771	226.17517	9.057766	312.52118
11.228771	226.17517	9.057766	312.52118
4.6242714	237.15457	-2.2605782	361.43042
4.6242714	237.15457	-2.2605782	361.43042
4.6242714	237.15457	-2.2605782	361.43042
4.6242714	237.15457	-2.2605782	361.43042
4.6242714	237.15457	-2.2605782	361.43042
4.6242714	237.15457	-2.118534	375.02618
4.6242714	237.15457	-2.118534	375.02618
4.6242714	237.15457	-2.118534	375.02618
4.6242714	237.15457	-2.118534	375.02618
4.6242714	237.15457	-2.118534	375.02618
4.6242714	237.15457	4.3720245	319.59662
4.6242714	237.15457	4.3720245	319.59662
4.6242714	237.15457	4.3720245	319.59662
4.6242714	237.15457	4.3720245	319.59662
4.6242714	237.15457	4.3720245	319.59662
23.79712	302.05243	15.459614	388.04147
23.79712	302.05243	14.794758	387.99896
23.79712	302.05243	14.404751	386.76126
23.230202	300.37753	14.404751	386.76126
23.230202	300.37753	14.404751	386.76126
23.230202	300.37753	14.404751	386.76126
23.230202	300.37753	14.404751	386.76126
23.230202	300.37753	14.404751	386.76126
21.941368	283.26825	14.446888	357.0836
21.941368	283.26825	14.446888	357.0836
21.941368	283.26825	14.446888	357.0836
21.505676	288.03888	14.446888	357.0836
21.505676	288.03888	14.446888	357.0836
21.505676	288.03888	14.446888	357.0836
21.505676	288.03888	14.446888	357.0836
7.4326935	256.58292	0.30783463	334.63132
7.4326935	256.58292	0.30783463	334.63132
7.4326935	256.58292	0.30783463	334.63132
15.900909	264.48972	13.325024	348.99753
16.982986	273.24448	13.325024	348.99753
16.982986	273.24448	13.325024	348.99753
23.27629	303.20486	13.14529	346.84946
23.27629	303.20486	13.14529	346.84946
23.27629	303.20486	13.14529	346.84946
18.292938	233.54556	13.113522	349.9112
18.292938	233.54556	13.113522	349.9112
18.441528	229.18666	13.113522	349.9112
20.44262	282.80722	13.113522	349.9112
21.345978	279.64062	13.113522	349.9112
22.359077	297.1135	13.113522	349.9112
22.359077	297.1135	13.113522	349.9112
22.359077	297.1135	13.113522	349.9112
22.359077	297.1135	13.113522	349.9112
22.359077	297.1135	13.113522	349.9112
22.359077	297.1135	13.113522	349.9112
22.359077	297.1135	13.113522	349.9112
22.359077	297.1135	13.113522	349.9112
22.875343	305.27884	13.113522	349.9112
22.875343	305.27884	13.113522	349.9112
22.875343	305.27884	13.316463	355.97287
22.383255	298.54916	13.316463	355.97287
22.383255	298.54916	13.316463	355.97287
22.383255	298.54916	13.316463	355.97287
22.383255	298.54916	17.223782	342.699
22.383255	298.54916	17.223782	342.699
22.79541	279.66394	0.4821663	351.40952
22.79541	279.66394	0.4821663	351.40952
5.8526917	234.84093	0.4821663	351.40952
22.431816	306.3285	5.3999634	361.21075
22.437195	301.37952	5.3999634	361.21075
22.437195	301.37952	5.3999634	361.21075
4.1328964	214.95204	0.06711578	322.50815
4.1328964	214.95204	0.06711578	322.50815
4.1328964	214.95204	0.06711578	322.50815
4.1328964	214.95204	0.06711578	322.50815
4.1328964	214.95204	0.06711578	322.50815
4.1328964	214.95204	0.06711578	322.50815
4.1328964	214.95204	0.06711578	322.50815
16.85762	278.91238	11.617886	319.49228
16.85762	278.91238	-3.2404518	390.19315
17.290092	286.5344	11.718014	303.82437
17.290092	286.5344	11.718014	303.82437
17.290092	286.5344	11.718014	303.82437
17.290092	286.5344	11.718014	303.82437
17.290092	286.5344	2.560772	343.74573
23.700508	276.8253	19.161915	328.22098
23.700508	276.8253	19.161915	328.22098
23.700508	276.8253	19.161915	328.22098
23.700508	276.8253	19.161915	328.22098
13.498539	271.00858	2.3054008	282.79437
13.498539	271.00858	8.156654	232.07481
13.498539	271.00858	8.156654	232.07481
17.753654	276.6789	20.95737	255.30911
17.753654	276.6789	20.371426	263.81775
17.753654	276.6789	19.250645	259.78763
17.753654	276.6789	18.248302	246.97086
17.753654	276.6789	18.248302	246.97086
17.753654	276.6789	12.325291	219.67822
17.753654	276.6789	12.325291	219.67822
17.753654	276.6789	12.325291	219.67822
18.117111	279.9085	5.4647484	249.21751
18.117111	279.9085	5.4647484	249.21751
21.85566	280.99802	5.4647484	249.21751
21.85566	280.99802	5.204956	257.96252
16.657967	236.57513	2.4880447	255.29837
16.657967	236.57513	2.4880447	255.29837
16.657967	236.57513	2.4880447	255.29837
16.657967	236.57513	2.4880447	255.29837
16.657967	236.57513	2.4880447	255.29837
22.612846	304.10388	11.642628	280.6101
22.14505	306.21967	11.642628	280.6101
22.14505	306.21967	11.642628	280.6101
22.14505	306.21967	20.293682	288.3375
10.625137	291.56104	17.22614	252.27098
10.625137	291.56104	17.22614	252.27098
10.625137	291.56104	17.22614	252.27098
10.625137	291.56104	17.22614	252.27098
10.625137	291.56104	17.22614	252.27098
17.13182	286.1338	13.989582	257.96494
17.13182	286.1338	13.989582	257.96494
17.13182	286.1338	13.989582	257.96494
17.13182	286.1338	13.989582	257.96494
17.13182	286.1338	13.989582	257.96494
17.13182	286.1338	13.989582	257.96494
17.13182	286.1338	13.989582	257.96494
17.13182	286.1338	11.854115	235.98633
17.13182	286.1338	11.854115	235.98633
17.460388	277.01068	0.14455414	247.38298
17.460388	277.01068	12.045063	228.24773
16.154373	284.59076	2.865078	257.65268
16.154373	284.59076	2.865078	257.65268
16.154373	284.59076	2.865078	257.65268
16.154373	284.59076	2.6796608	258.47916
16.051147	280.09024	1.903408	256.66077
16.051147	280.09024	1.903408	256.66077
16.051147	280.09024	1.903408	256.66077
16.051147	280.09024	1.903408	256.66077
16.123596	291.12308	10.575176	241.43939
16.123596	291.12308	10.575176	241.43939
16.123596	291.12308	10.575176	241.43939
16.123596	291.12308	11.034092	236.89586
6.0825615	97.403755	2.011303	87.69861
6.0825615	97.403755	2.011303	87.69861
6.0825615	97.403755	2.011303	87.69861
6.0825615	97.403755	2.011303	87.69861
6.0825615	97.403755	2.011303	87.69861
8.1102295	119.70541	-4.2903023	91.95059
8.1102295	119.70541	-4.2903023	91.95059
8.1102295	119.70541	-3.2857857	97.00686
8.1102295	119.70541	-3.0260735	95.84335
7.758972	114.17632	1.9141731	106.87585
7.758972	114.17632	2.3022728	106.6665
7.758972	114.17632	2.3022728	106.6665
7.758972	114.17632	2.8479805	107.441826
32.641068	111.65104	25.304893	113.71709
32.641068	111.65104	25.304893	113.71709
32.641068	111.65104	25.304893	113.71709
32.466568	108.72935	25.304893	113.71709
32.466568	108.72935	25.304893	113.71709
32.466568	108.72935	25.304893	113.71709
32.466568	108.72935	25.304893	113.71709
32.466568	108.72935	25.304893	113.71709
20.878372	116.87468	24.865852	107.33934
20.878372	116.87468	24.865852	107.33934
20.878372	116.87468	24.865852	107.33934
20.878372	116.87468	24.865852	107.33934
20.376041	114.56042	24.865852	107.33934
20.094833	117.0399	25.13012	104.50626
20.094833	117.0399	25.13012	104.50626
20.094833	117.0399	25.13012	104.50626
20.094833	117.0399	25.13012	104.50626
20.094833	117.0399	25.13012	104.50626
11.435284	125.1163	12.944588	106.21272
11.435284	125.1163	12.944588	106.21272
11.435284	125.1163	12.944588	106.21272
10.803291	121.78084	12.944588	106.21272
35.167175	108.732216	3.5547066	107.24349
35.167175	108.732216	3.166336	105.45582
11.966141	108.41152	3.166336	105.45582
11.966141	108.41152	4.7522087	107.20033
37.01171	94.997536	29.209084	104.98477
37.01171	94.997536	29.758614	104.02465
37.48349	95.53687	29.758614	104.02465
37.48349	95.53687	29.758614	104.02465
37.48349	95.53687	29.758614	104.02465
16.322086	117.125534	30.394829	105.83686
16.795898	119.70802	30.394829	105.83686
16.795898	119.70802	30.394829	105.83686
37.63994	95.306404	30.394829	105.83686
37.63994	95.306404	30.394829	105.83686
21.996185	121.71893	30.02729	112.820335
21.996185	121.71893	30.02729	112.820335
21.996185	121.71893	30.02729	112.820335
21.469551	119.0526	30.02729	112.820335
21.469551	119.0526	30.02729	112.820335
9.860073	113.68198	30.02729	112.820335
9.860073	113.68198	30.02729	112.820335
9.71051	112.19534	30.02729	112.820335
9.71051	112.19534	30.02729	112.820335
9.658031	111.319496	30.02729	112.820335
37.48369	98.44182	30.030472	106.030174
37.24765	96.718636	30.030472	106.030174
37.24765	96.718636	30.030472	106.030174
37.362038	92.48835	30.030472	106.030174
16.46006	118.62846	9.042892	106.87117
16.46006	118.62846	9.042892	106.87117
16.46006	118.62846	9.042892	106.87117
16.46006	118.62846	9.042892	106.87117
24.985298	107.61328	29.889923	99.849625
24.985298	107.61328	30.049461	102.9052
24.985298	107.61328	30.049461	102.9052
24.985298	107.61328	30.049461	102.9052
24.985298	107.61328	30.049461	102.9052
13.279499	112.56187	6.0778885	105.48877
13.279499	112.56187	6.0778885	105.48877
14.475105	107.39062	6.0778885	105.48877
22.688454	113.17464	15.364479	114.22512
23.100227	115.09456	15.364479	114.22512
23.325882	115.04965	15.854683	114.13472
23.325882	115.04965	15.854683	114.13472
25.44786	115.12296	18.217026	110.919304
25.44786	115.12296	18.217026	110.919304
25.44786	115.12296	18.217026	110.919304
28.636955	108.687546	21.12696	104.70246
28.636955	108.687546	21.12696	104.70246
16.544678	113.96702	21.12696	104.70246
16.544678	113.96702	21.12696	104.70246
16.544678	113.96702	21.12696	104.70246
16.544678	113.96702	21.12696	104.70246
28.702774	110.7638	21.12696	104.70246
28.702774	110.7638	21.12696	104.70246
28.702774	110.7638	21.12696	104.70246
28.702774	110.7638	21.12696	104.70246
6.3483734	112.09442	21.12696	104.70246
35.03569	111.93004	27.62844	115.33771
5.397911	108.41116	27.62844	115.33771
27.728561	113.14887	20.961563	112.107895
27.728561	113.14887	20.509773	112.20974
27.728561	113.14887	20.146812	112.06471
27.728561	113.14887	19.646805	112.501816
25.661163	119.83677	15.341438	113.01466
25.661163	119.83677	14.512283	112.88769
25.661163	119.83677	14.044281	112.31499
25.661163	119.83677	14.044281	112.31499
20.899239	114.39069	13.429245	110.80941
20.75198	115.49164	13.429245	110.80941
20.75198	115.49164	13.429245	110.80941
20.75198	115.49164	13.429245	110.80941
20.854996	115.57814	13.429245	110.80941
24.084717	120.101944	13.429245	110.80941
24.084717	120.101944	13.429245	110.80941
24.084717	120.101944	13.429245	110.80941
24.084717	120.101944	13.429245	110.80941
24.084717	120.101944	13.429245	110.80941
24.084717	120.101944	13.429245	110.80941
24.489227	123.21128	13.735573	100.63235
24.489227	123.21128	13.735573	100.63235
24.489227	123.21128	13.735573	100.63235
24.489227	123.21128	13.735573	100.63235
24.489227	123.21128	13.735573	100.63235
15.672485	120.5612	14.008842	103.73089
15.672485	120.5612	14.008842	103.73089
15.672485	120.5612	14.299828	103.97921
15.672485	120.5612	14.299828	103.97921
37.162483	116.11108	16.174026	114.20063
37.162483	116.11108	16.174026	114.20063
9.834961	101.88271	0.30329132	85.25929
15.783466	91.02293	27.613258	83.807755
15.783466	91.02293	27.613258	83.807755
15.783466	91.02293	0.47521973	80.44502
20.402164	90.76066	10.964077	80.246414
20.402164	90.76066	10.964077	80.246414
20.402164	90.76066	10.964077	80.246414
20.402164	90.76066	10.964077	80.246414
20.402164	90.76066	10.964077	80.246414
20.402164	90.76066	10.964077	80.246414
20.402164	90.76066	10.964077	80.246414
20.402164	90.76066	10.964077	80.246414
20.402164	90.76066	10.964077	80.246414
20.402164	90.76066	10.964077	80.246414
20.402164	90.76066	13.855896	81.335815
20.402164	90.76066	13.855896	81.335815
20.402164	90.76066	13.855896	81.335815
20.402164	90.76066	13.855896	81.335815
20.402164	90.76066	13.855896	81.335815
20.402164	90.76066	13.855896	81.335815
20.402164	90.76066	13.855896	81.335815
20.402164	90.76066	11.553627	80.30544
20.402164	90.76066	11.553627	80.30544
20.402164	90.76066	11.553627	80.30544
20.402164	90.76066	11.553627	80.30544
11.1352005	94.83055	3.7575989	92.05171
12.048069	91.77423	3.7575989	92.05171
12.048069	91.77423	3.7575989	92.05171
12.048069	91.77423	3.7575989	92.05171
12.048069	91.77423	3.7575989	92.05171
12.048069	91.77423	3.7575989	92.05171
13.375427	91.12321	3.7575989	92.05171
13.375427	91.12321	5.9449234	94.69491
13.375427	91.12321	5.9449234	94.69491
13.375427	91.12321	5.9449234	94.69491
13.375427	91.12321	5.9449234	94.69491
13.375427	91.12321	5.9449234	94.69491
13.375427	91.12321	5.9449234	94.69491
13.375427	91.12321	5.9449234	94.69491
13.375427	91.12321	5.9449234	94.69491
13.375427	91.12321	5.9449234	94.69491
13.375427	91.12321	5.9449234	94.69491
13.375427	91.12321	5.9449234	94.69491
13.375427	91.12321	5.9449234	94.69491
13.375427	91.12321	5.9449234	94.69491
11.302689	92.92111	5.9449234	94.69491
11.302689	92.92111	5.9449234	94.69491
11.302689	92.92111	5.9449234	94.69491
11.302689	92.92111	3.5343819	79.56439
11.302689	92.92111	3.5343819	79.56439
11.302689	92.92111	3.5343819	79.56439
11.302689	92.92111	3.5343819	79.56439
11.302689	92.92111	3.5343819	79.56439
29.596924	96.0032	3.5343819	79.56439
29.596924	96.0032	3.5343819	79.56439
29.596924	96.0032	3.5343819	79.56439
29.596924	96.0032	3.5343819	79.56439
29.596924	96.0032	3.5343819	79.56439
29.596924	96.0032	3.5343819	79.56439
29.596924	96.0032	3.5343819	79.56439
29.596924	96.0032	3.5343819	79.56439
29.596924	96.0032	3.5343819	79.56439
29.596924	96.0032	3.5343819	79.56439
29.596924	96.0032	3.5343819	79.56439
29.596924	96.0032	3.5343819	79.56439
29.596924	96.0032	3.5343819	79.56439
29.596924	96.0032	3.5343819	79.56439
29.596924	96.0032	3.5343819	79.56439
29.596924	96.0032	3.5343819	79.56439
29.596924	96.0032	3.5343819	79.56439
29.596924	96.0032	3.5343819	79.56439
29.596924	96.0032	3.5343819	79.56439
29.596924	96.0032	3.5343819	79.56439
29.596924	96.0032	3.5343819	79.56439
29.596924	96.0032	3.5343819	79.56439
29.596924	96.0032	3.5343819	79.56439
29.596924	96.0032	3.5343819	79.56439
29.596924	96.0032	3.5343819	79.56439
29.596924	96.0032	3.5343819	79.56439
29.596924	96.0032	3.5343819	79.56439
29.596924	96.0032	3.5343819	79.56439
29.596924	96.0032	3.5343819	79.56439
29.596924	96.0032	3.5343819	79.56439
29.596924	96.0032	3.5343819	79.56439
29.596924	96.0032	3.5343819	79.56439
29.596924	96.0032	3.5343819	79.56439
29.596924	96.0032	3.5343819	79.56439
29.596924	96.0032	3.5343819	79.56439
29.596924	96.0032	3.5343819	79.56439
29.596924	96.0032	3.5343819	79.56439
29.596924	96.0032	3.5343819	79.56439
29.596924	96.0032	3.5343819	79.56439
29.596924	96.0032	3.5343819	79.56439
29.596924	96.0032	3.5343819	79.56439
29.596924	96.0032	3.5343819	79.56439
29.596924	96.0032	3.5343819	79.56439
29.596924	96.0032	3.5343819	79.56439
29.596924	96.0032	3.5343819	79.56439
29.596924	96.0032	3.5343819	79.56439
29.596924	96.0032	3.5343819	79.56439
29.596924	96.0032	3.5343819	79.56439
29.596924	96.0032	3.5343819	79.56439
29.596924	96.0032	3.5343819	79.56439
29.596924	96.0032	3.5343819	79.56439
29.596924	96.0032	3.5343819	79.56439
29.596924	96.0032	3.5343819	79.56439
29.596924	96.0032	3.5343819	79.56439
29.596924	96.0032	3.5343819	79.56439
29.596924	96.0032	3.5343819	79.56439
29.596924	96.0032	3.5343819	79.56439
29.596924	96.0032	3.5343819	79.56439
29.596924	96.0032	3.5343819	79.56439
29.596924	96.0032	3.5343819	79.56439
29.596924	96.0032	3.5343819	79.56439
29.596924	96.0032	3.5343819	79.56439
7.681858	88.59124	3.5343819	79.56439
7.681858	88.59124	0.39636993	77.26694
7.681858	88.59124	0.39636993	77.26694
7.305691	88.54967	0.39636993	77.26694
7.305691	88.54967	0.39636993	77.26694
7.305691	88.54967	27.580994	77.72065
7.305691	88.54967	27.580994	77.72065
7.305691	88.54967	27.580994	77.72065
7.305691	88.54967	27.580994	77.72065
7.305691	88.54967	19.54702	86.803024
7.305691	88.54967	19.54702	86.803024
7.305691	88.54967	-1.0169868	75.10263
7.305691	88.54967	-1.0169868	75.10263
20.699429	91.132034	-1.0169868	75.10263
20.699429	91.132034	13.496918	90.65475
20.699429	91.132034	14.002602	89.28973
20.699429	91.132034	1.6353302	84.96502
20.699429	91.132034	1.6353302	84.96502
20.699429	91.132034	0.743557	82.49116
7.4035225	90.9947	0.743557	82.49116
7.4035225	90.9947	0.045326233	80.77545
7.4035225	90.9947	0.045326233	80.77545
7.4035225	90.9947	0.045326233	80.77545
7.4035225	90.9947	0.045326233	80.77545
7.4035225	90.9947	0.045326233	80.77545
7.4035225	90.9947	0.045326233	80.77545
7.4035225	90.9947	0.045326233	80.77545
7.4035225	90.9947	0.045326233	80.77545
7.4035225	90.9947	0.045326233	80.77545
7.4035225	90.9947	0.045326233	80.77545
7.4035225	90.9947	0.045326233	80.77545
7.4035225	90.9947	0.045326233	80.77545
18.197815	82.05482	0.045326233	80.77545
18.197815	82.05482	0.045326233	80.77545
18.197815	82.05482	0.045326233	80.77545
18.197815	82.05482	0.045326233	80.77545
18.197815	82.05482	0.045326233	80.77545
18.197815	82.05482	0.045326233	80.77545
18.197815	82.05482	0.045326233	80.77545
18.197815	82.05482	0.045326233	80.77545
18.197815	82.05482	5.0916786	101.75163
18.197815	82.05482	5.0916786	101.75163
18.197815	82.05482	5.0916786	101.75163
18.197815	82.05482	5.0916786	101.75163
18.197815	82.05482	5.0916786	101.75163
18.197815	82.05482	5.0916786	101.75163
6.690235	101.847466	-0.59282684	96.22609
6.690235	101.847466	-0.59282684	96.22609
6.690235	101.847466	-0.59282684	96.22609
6.690235	101.847466	-0.59282684	96.22609
6.690235	101.847466	-0.59282684	96.22609
6.690235	101.847466	-0.59282684	96.22609
6.690235	101.847466	-0.59282684	96.22609
6.690235	101.847466	-0.59282684	96.22609
6.690235	101.847466	-0.59282684	96.22609
6.690235	101.847466	-0.59282684	96.22609
6.690235	101.847466	-0.59282684	96.22609
6.690235	101.847466	-0.59282684	96.22609
6.690235	101.847466	-0.59282684	96.22609
6.690235	101.847466	-0.59282684	96.22609
6.690235	101.847466	-0.59282684	96.22609
6.690235	101.847466	-0.59282684	96.22609
6.690235	101.847466	-0.59282684	96.22609
6.690235	101.847466	-0.59282684	96.22609
6.690235	101.847466	-0.59282684	96.22609
6.690235	101.847466	-0.59282684	96.22609
6.690235	101.847466	-0.59282684	96.22609
6.690235	101.847466	-0.59282684	96.22609
6.690235	101.847466	-0.59282684	96.22609
6.690235	101.847466	-0.59282684	96.22609
6.690235	101.847466	-0.59282684	96.22609
16.049686	88.69703	-0.59282684	96.22609
16.049686	88.69703	8.769295	72.96633
16.049686	88.69703	8.769295	72.96633
16.049686	88.69703	8.769295	72.96633
16.049686	88.69703	8.769295	72.96633
16.049686	88.69703	8.769295	72.96633
16.049686	88.69703	8.769295	72.96633
16.049686	88.69703	8.769295	72.96633
16.049686	88.69703	8.769295	72.96633
16.049686	88.69703	8.769295	72.96633
16.049686	88.69703	8.769295	72.96633
16.049686	88.69703	12.022583	84.75057
16.049686	88.69703	12.022583	84.75057
16.049686	88.69703	-0.87257385	82.49833
16.049686	88.69703	-0.87257385	82.49833
16.049686	88.69703	-0.87257385	82.49833
16.049686	88.69703	2.74403	78.39062
16.049686	88.69703	2.74403	78.39062
16.049686	88.69703	2.74403	78.39062
16.049686	88.69703	2.74403	78.39062
16.049686	88.69703	2.74403	78.39062
16.049686	88.69703	2.74403	78.39062
16.049686	88.69703	5.252613	81.95709
16.049686	88.69703	5.252613	81.95709
16.049686	88.69703	5.252613	81.95709
16.049686	88.69703	5.252613	81.95709
15.11882	95.786224	5.252613	81.95709
15.11882	95.786224	5.252613	81.95709
15.11882	95.786224	5.252613	81.95709
15.11882	95.786224	5.252613	81.95709
15.11882	95.786224	5.252613	81.95709
15.11882	95.786224	5.252613	81.95709
15.11882	95.786224	5.252613	81.95709
8.252884	91.98625	5.252613	81.95709
8.252884	91.98625	5.252613	81.95709
8.252884	91.98625	5.252613	81.95709
8.252884	91.98625	5.252613	81.95709
8.252884	91.98625	5.252613	81.95709
8.252884	91.98625	5.252613	81.95709
8.252884	91.98625	5.252613	81.95709
8.252884	91.98625	5.252613	81.95709
8.252884	91.98625	5.252613	81.95709
8.252884	91.98625	5.252613	81.95709
8.252884	91.98625	5.252613	81.95709
14.600441	96.04352	5.252613	81.95709
14.600441	96.04352	5.252613	81.95709
14.600441	96.04352	5.252613	81.95709
14.600441	96.04352	5.252613	81.95709
14.600441	96.04352	5.252613	81.95709
14.600441	96.04352	5.252613	81.95709
14.600441	96.04352	5.252613	81.95709
14.600441	96.04352	5.252613	81.95709
14.600441	96.04352	5.252613	81.95709
14.600441	96.04352	5.252613	81.95709
14.600441	96.04352	5.252613	81.95709
14.600441	96.04352	5.252613	81.95709
14.600441	96.04352	5.252613	81.95709
14.600441	96.04352	5.252613	81.95709
14.600441	96.04352	8.070534	91.84328
14.600441	96.04352	8.070534	91.84328
14.600441	96.04352	8.070534	91.84328
14.600441	96.04352	8.070534	91.84328
14.600441	96.04352	8.070534	91.84328
14.600441	96.04352	9.515064	87.43369
16.382984	88.849976	9.021244	85.56046
16.382984	88.849976	9.021244	85.56046
16.382984	88.849976	9.021244	85.56046
16.382984	88.849976	9.021244	85.56046
16.382984	88.849976	9.021244	85.56046
16.382984	88.849976	9.021244	85.56046
16.382984	88.849976	9.021244	85.56046
16.382984	88.849976	9.021244	85.56046
32.45424	92.00807	9.021244	85.56046
32.45424	92.00807	9.021244	85.56046
32.45424	92.00807	6.484085	76.02852
32.45424	92.00807	6.484085	76.02852
32.45424	92.00807	6.484085	76.02852
32.45424	92.00807	6.484085	76.02852
32.45424	92.00807	6.484085	76.02852
32.45424	92.00807	6.484085	76.02852
32.45424	92.00807	6.484085	76.02852
32.45424	92.00807	6.484085	76.02852
32.45424	92.00807	6.484085	76.02852
32.45424	92.00807	6.484085	76.02852
32.45424	92.00807	6.484085	76.02852
32.45424	92.00807	6.484085	76.02852
32.45424	92.00807	6.484085	76.02852
32.45424	92.00807	6.484085	76.02852
32.45424	92.00807	6.484085	76.02852
32.45424	92.00807	6.484085	76.02852
32.45424	92.00807	6.484085	76.02852
7.307747	86.12777	6.484085	76.02852
7.307747	86.12777	6.484085	76.02852
7.307747	86.12777	19.121414	84.80456
7.307747	86.12777	19.121414	84.80456
7.307747	86.12777	19.121414	84.80456
7.307747	86.12777	19.121414	84.80456
7.307747	86.12777	19.121414	84.80456
22.266373	92.854324	19.121414	84.80456
22.266373	92.854324	19.121414	84.80456
22.266373	92.854324	19.121414	84.80456
22.266373	92.854324	19.121414	84.80456
22.266373	92.854324	11.816574	85.54977
22.266373	92.854324	11.816574	85.54977
22.266373	92.854324	11.816574	85.54977
22.266373	92.854324	11.816574	85.54977
22.266373	92.854324	11.816574	85.54977
22.266373	92.854324	22.117836	89.632355
22.266373	92.854324	22.117836	89.632355
22.266373	92.854324	22.117836	89.632355
8.943878	91.21129	22.117836	89.632355
8.943878	91.21129	22.117836	89.632355
8.943878	91.21129	1.7385368	76.75743
8.943878	91.21129	1.7385368	76.75743
8.943878	91.21129	13.739403	80.87494
8.943878	91.21129	14.2658615	75.93268
8.943878	91.21129	14.2658615	75.93268
8.943878	91.21129	14.2658615	75.93268
8.943878	91.21129	14.2658615	75.93268
8.943878	91.21129	14.2658615	75.93268
8.943878	91.21129	7.1844254	78.32204
8.943878	91.21129	7.1844254	78.32204
8.943878	91.21129	7.1844254	78.32204
8.943878	91.21129	7.1844254	78.32204
8.943878	91.21129	7.1844254	78.32204
10.7664795	90.34496	7.1844254	78.32204
10.7664795	90.34496	7.1844254	78.32204
10.7664795	90.34496	7.1844254	78.32204
9.914814	97.181755	7.1844254	78.32204
28.766075	95.56907	7.1844254	78.32204
28.766075	95.56907	7.1844254	78.32204
28.766075	95.56907	7.1844254	78.32204
26.048576	86.58935	7.1844254	78.32204
26.048576	86.58935	7.1844254	78.32204
26.048576	86.58935	5.4331894	85.03887
26.048576	86.58935	5.4331894	85.03887
28.48835	106.97119	5.4331894	85.03887
28.48835	106.97119	5.4331894	85.03887
28.48835	106.97119	21.064415	94.023445
20.669483	96.21486	13.537033	82.57859
20.080276	97.40638	13.537033	82.57859
20.080276	97.40638	13.053375	87.09366
22.25763	107.61614	13.053375	87.09366
22.25763	107.61614	13.053375	87.09366
22.25763	107.61614	13.053375	87.09366
22.25763	107.61614	13.053375	87.09366
22.25763	107.61614	13.053375	87.09366
10.89336	102.47592	4.1558456	105.48019
10.399635	98.14267	4.1558456	105.48019
10.399635	98.14267	4.1558456	105.48019
10.399635	98.14267	2.8242035	96.267944
10.399635	98.14267	2.8242035	96.267944
7.5827293	100.84193	2.8242035	96.267944
7.5827293	100.84193	9.95908	89.91694
7.5827293	100.84193	9.95908	89.91694
7.5827293	100.84193	9.95908	89.91694
7.5827293	100.84193	9.95908	89.91694
7.5827293	100.84193	9.95908	89.91694
8.527634	91.579285	9.95908	89.91694
8.527634	91.579285	9.95908	89.91694
8.527634	91.579285	9.95908	89.91694
8.527634	91.579285	9.95908	89.91694
8.527634	91.579285	9.95908	89.91694
10.235836	100.13917	9.95908	89.91694
10.235836	100.13917	2.926384	82.22735
10.235836	100.13917	2.926384	82.22735
10.235836	100.13917	4.3123703	90.46249
11.707123	103.27504	4.3123703	90.46249
11.707123	103.27504	4.3123703	90.46249
11.707123	103.27504	4.3123703	90.46249
11.707123	103.27504	4.3123703	90.46249
11.707123	103.27504	4.3123703	90.46249
11.324951	90.51347	4.1627502	78.97904
11.324951	90.51347	4.1627502	78.97904
11.324951	90.51347	4.1627502	78.97904
11.324951	90.51347	4.1627502	78.97904
11.324951	90.51347	4.1627502	78.97904
11.324951	90.51347	4.1627502	78.97904
11.324951	90.51347	4.1627502	78.97904
11.324951	90.51347	4.1627502	78.97904
11.324951	90.51347	4.1627502	78.97904
11.324951	90.51347	4.1627502	78.97904
11.324951	90.51347	4.1627502	78.97904
11.324951	90.51347	4.1627502	78.97904
11.324951	90.51347	4.1627502	78.97904
16.790176	93.34367	4.1627502	78.97904
16.790176	93.34367	4.1627502	78.97904
17.221123	81.42207	9.388771	67.20089
17.221123	81.42207	9.388771	67.20089
17.221123	81.42207	9.388771	67.20089
17.221123	81.42207	9.388771	67.20089
9.299629	104.98717	1.9504128	87.104256
9.299629	104.98717	1.9504128	87.104256
9.299629	104.98717	1.9504128	87.104256
9.299629	104.98717	1.9504128	87.104256
31.514252	87.85378	8.069786	67.446846
31.514252	87.85378	8.069786	67.446846
31.514252	87.85378	8.069786	67.446846
31.514252	87.85378	8.069786	67.446846
7.3827744	98.18605	-2.6801147	85.36323
7.3827744	98.18605	-2.6801147	85.36323
7.3827744	98.18605	-2.6801147	85.36323
7.3827744	98.18605	-2.6801147	85.36323
7.3827744	98.18605	-2.6801147	85.36323
7.3827744	98.18605	-2.6801147	85.36323
7.3827744	98.18605	-2.6801147	85.36323
7.3827744	98.18605	-2.6801147	85.36323
20.783794	89.14267	0.44579315	82.649185
20.783794	89.14267	0.44579315	82.649185
20.783794	89.14267	0.44579315	82.649185
20.783794	89.14267	0.44579315	82.649185
20.783794	89.14267	0.44579315	82.649185
20.783794	89.14267	0.44579315	82.649185
20.783794	89.14267	0.44579315	82.649185
15.263378	101.11095	8.068474	95.15811
15.263378	101.11095	8.068474	95.15811
6.5613174	103.97787	9.238922	92.00753
6.5613174	103.97787	9.238922	92.00753
6.5613174	103.97787	9.238922	92.00753
6.5613174	103.97787	9.238922	92.00753
6.5613174	103.97787	9.238922	92.00753
6.5613174	103.97787	9.238922	92.00753
6.5613174	103.97787	9.238922	92.00753
6.1053925	99.268234	-3.89991	84.171814
6.1053925	99.268234	-3.89991	84.171814
6.1053925	99.268234	-3.89991	84.171814
6.1053925	99.268234	-3.89991	84.171814
13.866032	84.76426	7.7175293	74.430565
13.866032	84.76426	7.7175293	74.430565
13.866032	84.76426	7.7175293	74.430565
13.866032	84.76426	7.7175293	74.430565
13.866032	84.76426	7.7175293	74.430565
13.866032	84.76426	7.7175293	74.430565
13.866032	84.76426	7.7175293	74.430565
13.866032	84.76426	7.7175293	74.430565
11.663563	94.175644	19.37249	94.35724
11.663563	94.175644	19.37249	94.35724
11.663563	94.175644	19.37249	94.35724
11.663563	94.175644	19.660149	99.96745
11.663563	94.175644	19.613708	98.72672
36.30867	95.931915	12.910049	96.67034
36.30867	95.931915	13.388634	96.91222
36.30867	95.931915	13.694374	94.81405
36.30867	95.931915	13.694374	94.81405
36.30867	95.931915	13.694374	94.81405
36.30867	95.931915	13.694374	94.81405
12.52153	111.40425	4.864769	97.49034
12.52153	111.40425	4.864769	97.49034
12.52153	111.40425	4.864769	97.49034
12.52153	111.40425	4.864769	97.49034
12.52153	111.40425	4.864769	97.49034
12.52153	111.40425	4.864769	97.49034
5.6934586	107.594376	-1.7177582	93.12409
5.6934586	107.594376	-1.7177582	93.12409
5.6934586	107.594376	-1.7177582	93.12409
5.6934586	107.594376	-1.7177582	93.12409
6.719837	108.731575	-1.7177582	93.12409
6.3044815	112.27685	-1.7177582	93.12409
6.3044815	112.27685	-1.7177582	93.12409
6.3044815	112.27685	-1.7177582	93.12409
19.382786	102.49508	0.33287048	102.11985
19.382786	102.49508	0.33287048	102.11985
19.382786	102.49508	0.33287048	102.11985
19.382786	102.49508	1.5212326	84.22639
19.382786	102.49508	11.291336	79.52743
19.382786	102.49508	11.291336	79.52743
19.382786	102.49508	11.291336	79.52743
7.7998123	100.29276	0.35982513	100.292145
7.7998123	100.29276	0.35982513	100.292145
7.7998123	100.29276	0.35982513	100.292145
7.7998123	100.29276	0.35982513	100.292145
7.7998123	100.29276	12.561218	97.587494
7.7998123	100.29276	12.561218	97.587494
7.7998123	100.29276	-0.19144821	99.81361
7.861908	94.735016	0.29930878	99.18338
7.861908	94.735016	-0.24606323	98.6497
7.861908	94.735016	0.016273499	99.59774
7.861908	94.735016	0.44101334	102.24868
7.861908	94.735016	0.85196686	102.96369
7.861908	94.735016	0.85196686	102.96369
9.752441	100.63395	2.4032822	100.43817
20.181389	99.65058	2.4032822	100.43817
8.006638	105.947975	2.4032822	100.43817
8.006638	105.947975	0.6574173	103.65022
8.006638	105.947975	0.6574173	103.65022
8.422707	106.60168	1.124363	108.28648
8.422707	106.60168	1.124363	108.28648
8.422707	106.60168	1.124363	108.28648
7.8656616	99.14973	0.64608	102.31375
7.8656616	99.14973	0.64608	102.31375
7.8656616	99.14973	0.64608	102.31375
6.8166885	97.08818	-2.2549515	91.50061
6.8166885	97.08818	-2.2549515	91.50061
6.8166885	97.08818	-2.2549515	91.50061
5.8641586	107.296776	-1.4985733	106.421425
6.434147	100.29172	-1.4985733	106.421425
6.434147	100.29172	-1.4985733	106.421425
6.434147	100.29172	-1.4985733	106.421425
6.434147	100.29172	-1.4985733	106.421425
6.434147	100.29172	-1.4985733	106.421425
6.434147	100.29172	-1.4985733	106.421425
6.434147	100.29172	-3.0127754	89.10667
6.434147	100.29172	-3.0127754	89.10667
6.434147	100.29172	-3.0127754	89.10667
6.434147	100.29172	-3.0127754	89.10667
6.434147	100.29172	-3.0127754	89.10667
5.252968	104.117325	-3.0127754	89.10667
4.809742	102.63886	-1.9886322	103.86384
4.809742	102.63886	-1.9886322	103.86384
4.809742	102.63886	-1.9886322	103.86384
4.809742	102.63886	-1.9886322	103.86384
4.809742	102.63886	-5.630123	83.467064
4.809742	102.63886	-5.630123	83.467064
4.809742	102.63886	-5.630123	83.467064
17.240181	107.5675	9.837318	105.24101
17.240181	107.5675	9.837318	105.24101
20.027786	104.85505	9.837318	105.24101
20.027786	104.85505	9.837318	105.24101
20.027786	104.85505	9.837318	105.24101
20.027786	104.85505	9.837318	105.24101
20.027786	104.85505	9.837318	105.24101
19.830498	103.07398	9.837318	105.24101
19.830498	103.07398	9.837318	105.24101
19.169456	103.824295	11.959007	104.12322
17.514145	105.40825	11.959007	104.12322
17.514145	105.40825	10.096874	101.07039
17.514145	105.40825	10.096874	101.07039
17.514145	105.40825	10.096874	101.07039
17.514145	105.40825	10.096874	101.07039
17.514145	105.40825	10.096874	101.07039
17.514145	105.40825	10.096874	101.07039
17.514145	105.40825	10.096874	101.07039
17.514145	105.40825	10.096874	101.07039
17.514145	105.40825	10.096874	101.07039
17.514145	105.40825	10.096874	101.07039
17.514145	105.40825	10.096874	101.07039
15.94014	106.41549	8.461033	105.12018
7.043648	106.435486	8.461033	105.12018
7.043648	106.435486	-0.19315338	108.099434
7.043648	106.435486	-0.19315338	108.099434
7.043648	106.435486	8.924496	104.08628
7.043648	106.435486	8.924496	104.08628
9.573685	95.43906	1.6697998	104.51132
9.573685	95.43906	1.6697998	104.51132
7.8409004	92.710785	0.561882	72.608185
7.8409004	92.710785	0.42767334	75.97444
7.817436	92.97119	0.42767334	75.97444
7.817436	92.97119	0.42767334	75.97444
7.2396736	93.527405	0.42767334	75.97444
7.4176025	93.699066	0.42767334	75.97444
7.4176025	93.699066	0.42767334	75.97444
7.4785156	90.56452	0.42767334	75.97444
7.4785156	90.56452	0.42767334	75.97444
7.4785156	90.56452	0.10295105	69.93425
7.4785156	90.56452	0.10295105	69.93425
7.3159485	92.25046	0.10295105	69.93425
7.3159485	92.25046	0.10295105	69.93425
7.8122025	88.69592	0.10295105	69.93425
7.206066	93.34465	0.014476776	72.94444
7.206066	93.34465	0.014476776	72.94444
7.206066	93.34465	0.014476776	72.94444
7.206066	93.34465	0.014476776	72.94444
7.206066	93.34465	0.014476776	72.94444
7.206066	93.34465	7.603874	105.39606
7.206066	93.34465	6.9886436	107.71195
13.216187	102.9442	6.9886436	107.71195
13.216187	102.9442	6.9886436	107.71195
12.777245	101.61313	6.9886436	107.71195
12.981323	99.7712	7.8539505	102.58494
12.981323	99.7712	7.8539505	102.58494
13.056683	99.94925	7.8539505	102.58494
13.197754	96.52804	7.8539505	102.58494
13.197754	96.52804	5.534111	79.67749
7.7773666	119.14584	0.5136261	106.48159
7.7773666	119.14584	19.408463	105.21964
7.7773666	119.14584	19.408463	105.21964
7.3831024	118.7124	19.374863	103.05811
7.3100586	103.60107	-0.09622955	80.39771
6.8414536	104.59497	-0.09622955	80.39771
6.197502	105.16071	-0.09622955	80.39771
22.499008	111.0693	14.935028	108.69848
22.499008	111.0693	14.935028	108.69848
22.499008	111.0693	14.935028	108.69848
7.753399	83.12679	-1.5040932	73.93216
7.753399	83.12679	-1.5040932	73.93216
7.753399	83.12679	-1.5040932	73.93216
28.6763	104.100494	21.159454	106.95948
28.6763	104.100494	21.159454	106.95948
28.6763	104.100494	21.159454	106.95948
9.962555	116.62949	15.60421	111.47611
9.962555	116.62949	15.60421	111.47611
9.962555	116.62949	15.60421	111.47611
9.962555	116.62949	15.60421	111.47611
9.962555	116.62949	15.60421	111.47611
21.957153	111.372025	14.410988	111.36344
21.957153	111.372025	14.410988	111.36344
21.957153	111.372025	14.410988	111.36344
9.479244	99.48503	14.410988	111.36344
9.882027	102.775955	2.8596268	80.47386
9.882027	102.775955	2.8596268	80.47386
9.882027	102.775955	2.8596268	80.47386
22.37658	115.42304	19.888779	109.564545
22.37658	115.42304	19.888779	109.564545
22.37658	115.42304	19.888779	109.564545
22.37658	115.42304	19.888779	109.564545
22.192383	118.12938	19.888779	109.564545
22.192383	118.12938	19.888779	109.564545
22.192383	118.12938	19.399895	111.56531
22.192383	118.12938	19.399895	111.56531
22.192383	118.12938	19.399895	111.56531
26.460915	116.08001	19.399895	111.56531
26.460915	116.08001	19.399895	111.56531
26.460915	116.08001	19.399895	111.56531
26.460915	116.08001	19.399895	111.56531
26.460915	116.08001	19.399895	111.56531
26.460915	116.08001	19.399895	111.56531
26.460915	116.08001	19.399895	111.56531
26.460915	116.08001	19.399895	111.56531
26.460915	116.08001	19.399895	111.56531
26.460915	116.08001	19.399895	111.56531
26.460915	116.08001	19.399895	111.56531
26.460915	116.08001	19.399895	111.56531
25.985886	112.29201	18.889084	112.81923
25.63858	111.83037	18.446564	111.93287
25.63858	111.83037	18.446564	111.93287
25.63858	111.83037	18.446564	111.93287
25.63858	111.83037	18.446564	111.93287
25.63858	111.83037	18.446564	111.93287
25.63858	111.83037	17.931984	111.94774
25.63858	111.83037	17.931984	111.94774
25.63858	111.83037	17.931984	111.94774
25.63858	111.83037	17.931984	111.94774
25.63858	111.83037	17.931984	111.94774
25.182983	113.59169	17.931984	111.94774
25.182983	113.59169	17.931984	111.94774
25.182983	113.59169	17.931984	111.94774
25.182983	113.59169	17.931984	111.94774
25.182983	113.59169	17.931984	111.94774
25.182983	113.59169	17.931984	111.94774
25.182983	113.59169	17.931984	111.94774
25.182983	113.59169	17.931984	111.94774
25.182983	113.59169	17.931984	111.94774
24.422432	112.1496	17.021492	100.76501
24.422432	112.1496	17.021492	100.76501
24.422432	112.1496	17.021492	100.76501
10.09182	116.02613	16.533699	101.019516
10.09182	116.02613	16.533699	101.019516
22.390717	116.95711	19.785957	112.31929
22.390717	116.95711	19.312935	111.69581
22.276749	116.77663	19.312935	111.69581
22.276749	116.77663	19.312935	111.69581
10.238884	115.29435	19.312935	111.69581
10.238884	115.29435	19.312935	111.69581
9.934528	115.244354	16.324669	109.50409
9.934528	115.244354	16.324669	109.50409
9.934528	115.244354	16.324669	109.50409
9.934528	115.244354	2.5139198	78.63145
9.934528	115.244354	2.5139198	78.63145
10.018524	115.97044	16.682991	110.97632
10.018524	115.97044	16.0458	111.2619
10.018524	115.97044	16.0458	111.2619
10.018524	115.97044	16.0458	111.2619
9.954086	110.53322	2.5697937	75.50122
9.954086	110.53322	2.550209	79.5386
9.954086	110.53322	2.550209	79.5386
17.628204	113.86577	9.47879	94.45031
17.628204	113.86577	9.47879	94.45031
17.628204	113.86577	9.47879	94.45031
17.628204	113.86577	9.47879	94.45031
